34.13     8.5   4.029    302 2007-02-24
25.56     8.6   2.999    259 2007-03-02
19.13     7.0   2.739    201 2007-03-11
26.40    12.8   2.079    288 2007-03-24
21.24     6.1   3.489    195 2007-04-03
26.25     7.8   3.389    257 2007-04-13
13.53     9.0   1.519    335 2007-04-29
42.33    11.1   3.809    295 2007-05-07
22.42     9.4   2.389    264 2007-05-16
25.87    13.8   1.889    363 2007-05-31
19.48     8.9   2.189    253 2007-06-07
28.59     9.9   2.899    272 2007-06-24
36.70    13.4   2.759    363 2007-07-01
35.12    10.5   3.339    331 2007-07-17
15.05     5.7   2.649    195 2007-07-31
30.46    11.3   2.709    308 2007-08-10
38.50    11.1   3.489    329 2007-08-18